Segs =          22
File Size: 127524 bytes
Segs Read: 22
status =        [22003, 3624611135, 3115220131, 2847854397, 33611842, 2937866039, 750928578, 71041024, 1361796541, 2757215937, 1530859777, 1394236, 83034112, 2058042287, 1278459776, 1530558938, 2923502673, 4142340, 4176085, 10911744, 213724405, 3888724]
level =         [500, 3297646400, 1960610749, 1201686971, 4124250940, 2709691192, 2008330150, 268506112, 2969702196, 3523215395, 663632933, 1675772150, 872431413, 214777786, 1283630355, 2512074756, 1489129293, 33555516, 876609536, 4161536, 4122813043, 364871680]
hit_object =    [22, 469528389, 617056319, 3101017276, 2274655802, 2345022780, 3750795586, 3868357908, 2033025208, 1316908354, 2339453942, 2469184085, 17760292, 3429973411, 3390258186, 977044848, 12606628, 922879490, 3292850408, 0, 2042455653, 12125074]
hit_face =      [1152, 909325121, 2506237860, 1550151999, 2147476000, 2843371709, 2147467835, 1381624247, 486405441, 1391397947, 61652382, 16640, 1591410694, 2329625397, 4120330107, 2545763470, 4190240768, 1581066778, 3728750805, 0, 2420212768, 10911744]
in_object =     [1132258730, 2747661862, 67177216, 2669736773, 0, 3101017277, 830274080, 1155698747, 299988801, 2055374115, 1235041336, 3658431508, 2694003452, 1083916691, 42479, 3292373840, 2587852688, 515705448, 1723882913, 3506899713, 1161921568, 0]
parent =        [3137889437, 509766593, 335064832, 3264077120, 2147483648, 1773828415, 889516987, 1880991293, 725951170, 63, 2058042377, 1628520317, 1425718641, 2340765854, 16256, 2789193941, 1220374338, 2755463200, 4114752358, 2184591592, 1069677805, 0]
storage =       [3137372712, 2129794620, 212527800, 900974272, 36962367, 1420099135, 63, 3675182652, 2600468646, 0, 1442987962, 755121668, 1716796814, 2432444532, 0, 3342920625, 1596077936, 3829153524, 1295777799, 892744105, 2864733697, 335545404]
xybin =         [1031390606, 1288802623, 2729050937, 3945307046, 151062016, 2831233604, 889516800, 3101017148, 1603311938, 2147483648, 1297891510, 1267246072, 3681369019, 106707978, 1441792, 2135283310, 3527375735, 3300691195, 1394979144, 62718434, 2957141022, 286527489]
lmbin =         [1030444347, 3115220131, 2594346940, 130843583, 1664007680, 1879048255, 71041087, 2015019327, 830274107, 3135, 3520874059, 2613591910, 1766046777, 3923787646, 75497472, 859908652, 2831040476, 977254613, 12105274, 280820118, 3922046, 3375771232]
index =         [-2.2325711413159093e-14, 1.347467328197e-312, 6.026339106645347e+52, -3.788557311818374e-272, 3.038056493159352e-232, 5.397283353616647e+269, 1.0233797574190005e-57, -2.2368096580900276e-62, nan, 5.43231068193e-312, -8.536477200359811e+90, 3.313021341781348e-58, 1.1527481488009219e+199, 8.9982537073272e-310, -2.608035574735828e-69, 1.883139911367603e-307, 1.0661718335026457e-255, 1.363504589057035e-143, 2.056072e-317, -1.3603665435360877e+23, 3.562104410461191e-305, 7.28577158301121e-233]
starting_phase =[3.1194352521492147e-121, 2.052268400649188e-288, -1.0062313727588886e+218, 2.7341269925834802e-53, 1.5581237222902016e-166, nan, 3.2391551253500064e-277, 9.478980938481469e-101, 3.1e-322, -7.324766563769727e-23, 3.2801452956191562e+193, 1.7037273635103854e+33, 2.1499090187697854e-205, 8.0315e-320, -6.103957123073942e+300, 4.0390505982669917e-187, 1.354466327541321e-06, -2.225905774366557e-218, 1.752245663574421e-307, -5.0917473662257e+179, 1.7359529389447974e-307, 2.7014636569370938e+225]
x =             [5.377644910462955e-19, 8.461364610337774e-107, -2.2214189185762738e-117, 2.734000614209158e-53, -6.957417324598535e-110, -3.666015864611408e+259, 3.8368291586740366e-157, 2.5346114127246455e+106, 2.873475603284599e-288, -7.195866827544386e-165, 3.788932057858213e+159, -5.399812168132402e+239, -2.809481384863295e+183, 9.257994391392432e-299, 2.9492820730664412e+119, 2.5641161646986077e+42, 3.1559732678248268e-223, 3.880169230845197e-211, -1.1844191918013233e-125, 1.7611012800784418e-307, 1.7359529367883502e-307, 3.255104123026667e-288]
y =             [-1.8792195080977648e-140, -5.900037799683878e+272, 1.1097905864934452e-207, 6.144712508920766e-275, -6.957484988673316e-110, 1.34746732818e-312, -6.550134197841911e-35, -3.788560026314407e-272, -3.653590557950007e+277, 2.6382400448372586e-44, 8.9073268401233e-310, 1.7211055892194178e-39, 7.461746166978622e-266, 6.842614061947689e+263, 5.910828295446363e-298, 1.7522456640175814e-307, 6.712401952038974e+280, 2.5482115111135292e+95, 5.695160887631617e+85, -9.134235817195868e-103, 9.631902941540241e-145, 1.879955735617401e+247]
z =             [0.17500004048367207, -1.515457456779297e-150, nan, 0.013372871561421196, 4.106682165336492e-79, 2.052268400649188e-288, -1.4431404958358915e-139, 1.4192421262772458e+193, 5.690357874865995e-87, 9.947034547217043e+86, 8.0315e-320, 1.7566185715541578e+274, 5.10955180803904e-107, -8.188104521005147e-255, -1.6098051368695578e-265, 0.0, 2.9771234655780595e-259, -1.374907888231652e+247, -1.3047635357970642e-42, 1.5505732600380877e-307, -4.1420046724370174e+49, 7.921241948228917e+215]
l =             [0.0, -5.250948738712471e+276, 2.62406978200612e-70, -5.310237278300693e-267, -3.421653622580032e+286, -7.734141223155468e+120, 7.367851958126408e-118, -2.1725410929224187e+117, 6.414225700766453e+229, 4.107873828087e-312, 1.134852390787069e-298, 1.7613923712460215e+274, 3.409529113832035e+197, 4.222304590311368e+140, -2.0109395865045397e+111, -5.730588881947274e+250, 2.0370305375729975e-307, -8.739899901782437e+245, -6.531585604213908e-274, 2.6024591855050648e+66, -6.959984918037106e-180, 5.703148281336066e+232]
m =             [1.48302076678878e-309, -5.25099242574265e+276, 1.34125214552e-312, 1.5241621415224998e-285, -3.442006182690322e+18, 5.976697513599193e+53, 1.93587944569066e+239, 8.448726056236455e-227, -6.550106247633193e-35, 1.5614526865540703e+305, 5.212756485237542e-206, -6.10969366606867e+86, 1.1848074911487867e-303, 2.0376707154420024e-128, 1.3053762513323485e+88, -1.2999171914245069e+23, 4.660481892051008e-305, 1.346354770785975e-284, -1.2787780972690418e-273, 1.7522456657268857e-307, -1.3812258560524687e+23, 2.6282652992579962e+95]
n =             [2.0063453515923434e-32, 1.145771522076276e-109, 2.0525677844254346e-288, -2.0336838802009844e+63, 2.734127065872171e-53, 2.625658026020326e-171, 1.4730073643895623e+262, 2.7471187756438997e-308, 3.238535301176052e+196, -2.5796758954087506e-120, 2.5278832149877304e-222, -5.097301762146828e-209, 2.8237192203603592e-261, -5.687985571197827e-190, 1.881090267389372e+185, -2.5504665066690145e+42, 1.5608271664363157e-307, -3.5452450462193564e-93, -2.8585368352749224e-11, 0.0, 1.9737489549208253e-124, -8.715608275239478e-89]
nx =            [-9.706377901783238e-108, 9.68149628142814e-188, 1.0489514742423623e-56, -4.4206219484897505e-05, 2.7340006142090985e-53, -9.318029883191629e+61, -4.644435839440403e-255, -3.056727491364097e+82, 1.1147960022957482e-222, 1.33978570355e-312, -9.87537461304851e-81, 7.46174616697863e-266, 7.844879253821756e-162, -1.0143403383354772e+34, 8.066e-320, -3.432927654478372e+78, -7.741441880456252e+27, 7.210655730517162e+174, 6.78511569446099e+20, -2.0582810739262078e-289, -3.257714795649839e+54, -4.3177192711251285e+220]
ny =            [2.355025623801359e+139, -6.556247997708985e-213, -2.971184685407259e-196, 1.1056036016518182e-176, 1.832000152205765e-260, -9.318055950842333e+61, 1.34125214617e-312, 9.206981919394781e-223, -3.9980922065855037e-140, 3.18773957608437e-58, -5.583074399239197e-101, 8.255270006891607e-285, 2.4340501297442932e-247, -7.428810316527009e-227, 8.451205860504318e-227, -5.4678546994308e+78, 1.7359529372340972e-307, 2.5144989012492304e+131, 8.565558166535568e-207, 1.3570366655185209e+230, -8.02651445878227e+56, 3.1324399827001465e-294]
nz =            [1.922070703620781e+100, -4.03229467504e-312, -6.680983458068496e+279, 2.6241074500591653e-70, -1.0858236236446984e+236, 3.1173912948886464e-83, 2.0523673675894337e-288, -2.4184167398952728e+185, -3.666094502523829e+259, 8.897731925354356e-91, 4.392242858621276e+86, 7.985786800630283e-285, 9.442958208496196e+145, -9.949642252730296e+201, -8.210166946625457e+27, 3.878717531645433e+66, 4.4440395181781766e-305, -1.8427944943268234e-201, -1.3765342325830642e+247, -1.3163941193857548e+194, -6.204756647238185e+280, 2.923056075598941e+48]
path_to =       [3.1564405961340534e-15, 9.44e-322, 5.586343982981549e-307, nan, 3.0628633477300667e+97, -2.173357281971207e+152, -3.383826901498253e-56, -3.9300719993473635e+36, nan, -1.895234320461836e+180, 3.52661286830327e-310, 8.202527591192208e-304, 1.1108449506910245e-151, 8.9982537073272e-310, 6.805497431553838e+109, 2.4419957025288454e-165, -6.526478561161647e+91, -1.1272802833285412e+146, -8.739899885503105e+245, -1.1757756643344762e+64, 7.016216084462823e+133, -9.529565202105264e-156]
intensity =     [-5.828006351278122e-160, 3.341758739887777e-294, 5.5863920305735325e-307, 3.1e-322, 2.9330216267732944e-88, -3.4422971281632435e+18, -1.9653636152161568e-168, -3.9300983782174026e+36, 5.521150410184526e+173, -9.380925970832947e+124, 1.8771827052967507e+208, 6.987930397917177e-12, -1.5707276147633021e-224, 8.0315e-320, -1920960.78804268, -7.993612313973766e-115, 1.5724656324236736e-254, 8.901064698111446e+186, 5.782549709339339e-275, -1.5224234713406548e+64, 1.7359529392561617e-307, 3.99772800652317e+49]
phase_of =      [7.74124326370624e+306, 8.460050453825564e-139, 6.4436619605062445e-49, 2.8732751864485982e-288, -5.466141286989733e-131, -3.9722342281e-312, 1.699645506241128e-298, 3.281701447518365e+248, 8.157295524910767e-303, -3.422632802352015e-80, -1.0382326443060003e+37, 3.017895366170866e+172, -7.428918879641774e-227, 1.8078750827497715e-308, -1.27523164970228e+223, 5.150312458580277e-308, -8.45987153591722e-156, 1.5585080488424204e-307, -2.562396612468787e+196, 8.554390127861716e+56, 1.7359529367883502e-307, 4.292108481698574e+285]
phase_at =      [7.25965293771676e+108, 2.950092662214828e-95, 4.2167911002487527e-271, 0.015504874522096035, 1.4306935649361393e+161, 3.1e-322, 3.9480398309527914e-147, 5.0191215133457385e+57, 2.6895364630151073e-308, -3.432005295510649e-80, 1.0402872167705e-309, -5.106491893801966e+80, -9.949642252730296e+201, 2.585563720588418e-187, -6.677842307451643e-269, 6.200595e-317, 3.211604150082959e-305, 3.5621044053717165e-305, 8.349871419478064e-38, -3.176571571060913e-76, -1.6319322627604652e-260, 2.125668512939342e+136]


Segs =          0

Process finished with exit code 0
